    timestamp: 1612321200,
    open: 0.68334,
    high: 0.6836,
    low: 0.6829799999999999,
    close: 0.68326,
    volume: 9146
